      0/99    0.552G   0.08442    0.0149         0   0.09932        17       640    0.1406    0.4419    0.1349   0.03211    0.1059   0.01037         0
      1/99     2.78G   0.07171  0.008909         0   0.08062        30       640    0.4175    0.2558    0.1973   0.07008   0.09592   0.00841         0
      2/99     3.25G   0.06179  0.007848         0   0.06963        27       640    0.4544    0.4884    0.3834    0.1154   0.09171  0.007956         0
      3/99     3.25G    0.0561  0.007198         0    0.0633        29       640    0.6742    0.5776    0.5795    0.2667   0.09304  0.007137         0
      4/99     3.25G   0.04821  0.006721         0   0.05494        39       640    0.5606    0.8604    0.7298    0.2339    0.0895  0.006289         0
      5/99     3.25G   0.04429  0.006493         0   0.05078        31       640    0.7449    0.7674    0.8342    0.4741   0.08179  0.006372         0
      6/99     3.25G   0.04608  0.006304         0   0.05238        35       640    0.7489    0.8372    0.8741    0.4193   0.07874  0.006401         0
      7/99     3.25G   0.04342  0.006249         0   0.04966        34       640    0.7998    0.9302    0.9249     0.566   0.07458  0.006138         0
      8/99     3.25G    0.0416  0.006183         0   0.04779        33       640    0.9272     0.907    0.9504    0.5832   0.07735  0.005918         0
      9/99     3.25G   0.03783  0.006175         0   0.04401        21       640    0.9285    0.9066    0.9523    0.6982   0.07173  0.005784         0
     10/99     3.25G   0.03638  0.005975         0   0.04235        21       640         1    0.9069     0.968    0.6971   0.06843  0.006046         0
     11/99     3.25G   0.03646  0.006423         0   0.04289        29       640     0.606    0.9302    0.7405    0.3609   0.07384  0.005362         0
     12/99     3.25G    0.0375  0.006232         0   0.04373        36       640    0.9098    0.9535    0.9584    0.6971   0.06697  0.005969         0
     13/99     3.25G   0.03208  0.006036         0   0.03812        33       640    0.9767    0.9761    0.9725    0.7239   0.07086  0.005811         0
     14/99     3.25G   0.03322  0.005976         0   0.03919        49       640    0.9767    0.9765    0.9734    0.6344   0.07429  0.005789         0
     15/99     3.25G   0.03218  0.005847         0   0.03803        33       640    0.9767    0.9767    0.9749    0.7543   0.07143  0.005584         0
     16/99     3.25G   0.03133  0.005373         0    0.0367        35       640    0.9997    0.9767    0.9766     0.755   0.07135  0.005163         0
     17/99     3.25G   0.02864  0.005678         0   0.03432        35       640         1    0.9752    0.9755    0.7173   0.06958  0.005005         0
     18/99     3.25G   0.02809  0.005314         0    0.0334        18       640    0.9766    0.9767    0.9763    0.5993   0.07355   0.00478         0
     19/99     3.25G   0.03193  0.004457         0   0.03638        27       640    0.9545    0.9767    0.9743    0.7499   0.07891  0.004625         0
     20/99     3.25G   0.03115  0.005374         0   0.03653        28       640     0.976    0.9535    0.9722    0.7663   0.07938  0.004378         0
     21/99     3.25G   0.03291  0.005062         0   0.03797        20       640    0.9998    0.9535    0.9748    0.4998   0.08044  0.004537         0
     22/99     3.25G   0.03028  0.004916         0    0.0352        32       640         1    0.9534    0.9765    0.6696   0.08086  0.004704         0
     23/99     3.25G    0.0302   0.00469         0   0.03489        28       640    0.9533    0.9535    0.9609    0.7912   0.07892  0.004627         0
     24/99     3.25G   0.02579  0.004914         0    0.0307        32       640     0.976    0.9535    0.9712    0.7459   0.07816  0.004373         0
     25/99     3.25G   0.02567  0.004426         0    0.0301        25       640    0.9752    0.9302    0.9586     0.678    0.0798  0.004789         0
     26/99     3.25G   0.02567  0.004432         0    0.0301        37       640         1    0.9535     0.974     0.797   0.07344  0.004058         0
     27/99     3.25G   0.02603   0.00439         0   0.03042        28       640    0.9999    0.9302    0.9719    0.8455   0.07707  0.003953         0
     28/99     3.25G   0.02353  0.003898         0   0.02743        21       640    0.9766    0.9767    0.9748    0.8246   0.07819  0.004082         0
     29/99     3.25G   0.02593  0.004029         0   0.02996        37       640    0.9765    0.9767    0.9749    0.8325   0.06999  0.004218         0
     30/99     3.25G   0.02499  0.004105         0    0.0291        20       640    0.9545    0.9766    0.9738    0.5613   0.07031  0.004203         0
     31/99     3.25G   0.02668   0.00409         0   0.03077        23       640    0.9767    0.9763    0.9742    0.8249   0.07256  0.003749         0
     32/99     3.25G   0.02675  0.004136         0   0.03089        24       640         1    0.9767    0.9752    0.7646   0.07409  0.003598         0
     33/99     3.25G   0.02526  0.004073         0   0.02933        23       640    0.9999    0.9535    0.9744    0.8516   0.07712  0.003394         0
     34/99     3.25G   0.02479   0.00384         0   0.02863        40       640    0.9767    0.9767    0.9743    0.8574   0.08028  0.003227         0
     35/99     3.25G   0.02268  0.003691         0   0.02637        30       640    0.9762    0.9534    0.9703    0.8361   0.08038  0.003064         0
     36/99     3.25G   0.02356  0.003621         0   0.02718        35       640    0.9767    0.9767    0.9747    0.8797   0.07424  0.003362         0
     37/99     3.25G   0.02243  0.003493         0   0.02592        30       640         1    0.9767    0.9753    0.9073   0.06266  0.003609         0
     38/99     3.25G   0.02318  0.003703         0   0.02689        21       640         1    0.9766    0.9753    0.8369   0.05524  0.003495         0
     39/99     3.25G     0.022  0.003553         0   0.02556        28       640    0.9998    0.9767    0.9752    0.8846   0.05179  0.003383         0
     40/99     3.25G   0.02302  0.003528         0   0.02655        23       640    0.9997    0.9767    0.9752    0.8526   0.05142  0.003498         0
     41/99     3.25G   0.02299  0.003505         0    0.0265        32       640         1    0.9767    0.9754    0.9167   0.05591  0.003257         0
     42/99     3.25G   0.02136  0.003395         0   0.02475        30       640    0.9999    0.9767    0.9753    0.8962   0.05255  0.003332         0
     43/99     3.25G   0.01986   0.00337         0   0.02323        24       640    0.9999    0.9535    0.9743    0.8763   0.04993   0.00346         0
     44/99     3.25G   0.02027  0.003481         0   0.02375        32       640    0.9999    0.9535    0.9732    0.9202    0.0492  0.003366         0
     45/99     3.25G   0.01898  0.003053         0   0.02204        31       640         1    0.9767    0.9755    0.8598   0.05352  0.003604         0
     46/99     3.25G   0.01997  0.003219         0   0.02319        17       640         1    0.9767    0.9756    0.9189   0.05162  0.003151         0
     47/99     3.25G   0.01877    0.0032         0   0.02197        23       640         1    0.9767    0.9756    0.8999   0.05904  0.003042         0
     48/99     3.25G   0.01835  0.003086         0   0.02143        22       640         1    0.9767    0.9757    0.9216   0.06449  0.003109         0
     49/99     3.25G   0.01863   0.00315         0   0.02178        35       640         1    0.9767    0.9756    0.9185   0.06707  0.002968         0
     50/99     3.25G   0.01804  0.003213         0   0.02125        33       640    0.9767    0.9767    0.9752    0.9077    0.0679  0.003014         0
     51/99     3.25G   0.01623   0.00296         0   0.01919        30       640    0.9999    0.9767    0.9759    0.9046    0.0669  0.003284         0
     52/99     3.25G   0.01836   0.00292         0   0.02128        24       640         1    0.9767    0.9756    0.9171   0.06663  0.003294         0
     53/99     3.25G   0.01786  0.002957         0   0.02081        19       640    0.9999    0.9767    0.9757    0.9299   0.06597  0.003296         0
     54/99     3.25G   0.01666  0.002836         0    0.0195        31       640         1    0.9767    0.9758    0.9217   0.06495  0.003608         0
     55/99     3.25G   0.01876  0.002944         0    0.0217        35       640         1    0.9767    0.9757    0.9137   0.06323  0.003569         0
     56/99     3.25G    0.0166  0.003034         0   0.01964        24       640         1    0.9767    0.9756    0.9367   0.06208  0.003648         0
     57/99     3.25G    0.0168   0.00287         0   0.01967        33       640         1    0.9766    0.9757    0.9344   0.06163  0.003743         0
     58/99     3.25G   0.01625  0.002645         0    0.0189        18       640    0.9767    0.9767    0.9754    0.9461   0.06178  0.003507         0
     59/99     3.25G   0.01598  0.002803         0   0.01878        26       640    0.9999    0.9767    0.9759    0.9465   0.06231  0.003493         0
     60/99     3.25G   0.01518  0.002833         0   0.01802        13       640    0.9999    0.9767    0.9757    0.9491   0.06221  0.003538         0
     61/99     3.25G   0.01537  0.003082         0   0.01845        17       640    0.9999    0.9767    0.9757    0.9313    0.0619  0.003628         0
     62/99     3.25G   0.01471  0.002738         0   0.01745        28       640    0.9767    0.9767    0.9752    0.9073   0.06226  0.003381         0
     63/99     3.25G   0.01414  0.002772         0   0.01692        21       640         1    0.9767     0.976    0.9501   0.06222  0.003407         0
     64/99     3.25G   0.01516  0.002787         0   0.01795        26       640         1    0.9767     0.976    0.9503    0.0627  0.003233         0
     65/99     3.25G   0.01412  0.002794         0   0.01692        28       640         1    0.9767    0.9758    0.9482   0.06243  0.003173         0
     66/99     3.25G   0.01334  0.002762         0    0.0161        26       640    0.9999    0.9767    0.9758    0.9478   0.06187  0.003096         0
     67/99     3.25G   0.01339  0.002612         0     0.016        20       640         1    0.9767    0.9759    0.9467   0.06122  0.003145         0
     68/99     3.25G   0.01531  0.002809         0   0.01812        40       640         1    0.9767    0.9759    0.9453   0.06133  0.003108         0
     69/99     3.25G    0.0149  0.002758         0   0.01766        19       640    0.9999    0.9767    0.9758    0.9519   0.06067  0.003077         0
     70/99     3.25G   0.01392  0.002494         0   0.01641        25       640         1    0.9767    0.9757    0.9442   0.05896  0.003115         0
     71/99     3.25G   0.01349  0.002585         0   0.01608        33       640         1    0.9767    0.9757    0.9489   0.05778  0.003193         0
     72/99     3.25G    0.0144  0.002758         0   0.01716        26       640         1    0.9767    0.9757    0.9493   0.05462  0.003183         0
     73/99     3.25G   0.01361  0.002703         0   0.01631        31       640         1    0.9767    0.9758     0.953   0.05238  0.003201         0
     74/99     3.25G   0.01401  0.002701         0   0.01672        28       640    0.9767    0.9767    0.9753    0.9474   0.05099  0.003311         0
     75/99     3.25G   0.01383    0.0027         0   0.01653        36       640         1    0.9535    0.9748      0.95   0.05077  0.003346         0
     76/99     3.25G   0.01289  0.002777         0   0.01566        43       640    0.9767    0.9767    0.9753    0.9551   0.05094  0.003374         0
     77/99     3.25G   0.01314  0.002464         0    0.0156        28       640         1    0.9767    0.9758    0.9623   0.05163  0.003378         0
     78/99     3.25G   0.01434  0.002544         0   0.01688        27       640         1    0.9767     0.976    0.9561   0.05343  0.003316         0
     79/99     3.25G   0.01289  0.002516         0    0.0154        24       640         1    0.9767    0.9762    0.9534   0.05435  0.003228         0
     80/99     3.25G    0.0132  0.002512         0   0.01572        29       640         1    0.9767    0.9762    0.9642   0.05642  0.003141         0
     81/99     3.25G   0.01247  0.002703         0   0.01517        35       640         1    0.9767    0.9761    0.9592   0.05659  0.003203         0
     82/99     3.25G   0.01244  0.002606         0   0.01505        30       640         1    0.9767    0.9759     0.964   0.05647  0.003262         0
     83/99     3.25G   0.01119  0.002445         0   0.01364        36       640         1    0.9767    0.9759    0.9579   0.05673  0.003225         0
     84/99     3.25G   0.01308  0.002447         0   0.01553        17       640         1    0.9767    0.9761    0.9674   0.05692  0.003179         0
     85/99     3.25G   0.01196  0.002482         0   0.01444        39       640         1    0.9767    0.9761    0.9703   0.05663  0.003176         0
     86/99     3.25G   0.01249  0.002507         0   0.01499        20       640         1    0.9767    0.9763    0.9653   0.05654  0.003167         0
     87/99     3.25G   0.01314  0.002551         0   0.01569        36       640         1    0.9767    0.9764    0.9709   0.05642   0.00314         0
     88/99     3.25G   0.01157  0.002606         0   0.01418        33       640         1    0.9767    0.9762    0.9704   0.05582   0.00316         0
     89/99     3.25G   0.01176  0.002354         0   0.01411        22       640         1    0.9767    0.9761    0.9651   0.05545  0.003202         0
     90/99     3.25G   0.01208  0.002586         0   0.01467        44       640         1    0.9767    0.9762    0.9702   0.05575  0.003192         0
     91/99     3.25G   0.01152  0.002472         0   0.01399        34       640         1    0.9767    0.9762    0.9703   0.05538    0.0032         0
     92/99     3.25G   0.01136  0.002513         0   0.01388        24       640    0.9999    0.9767    0.9762    0.9703   0.05524  0.003163         0
     93/99     3.25G   0.01164  0.002554         0   0.01419        27       640    0.9999    0.9767    0.9761    0.9701    0.0549  0.003203         0
     94/99     3.25G   0.01144  0.002731         0   0.01417        29       640    0.9999    0.9767    0.9761      0.97   0.05393  0.003203         0
     95/99     3.25G   0.01154  0.002471         0   0.01401        32       640         1    0.9767    0.9761    0.9702   0.05397   0.00316         0
     96/99     3.25G   0.01126    0.0027         0   0.01396        46       640         1    0.9767    0.9761    0.9699   0.05385  0.003134         0
     97/99     3.25G   0.01147  0.002366         0   0.01384        19       640         1    0.9767    0.9761    0.9624   0.05406  0.003126         0
     98/99     3.25G   0.01128  0.002381         0   0.01367        14       640         1    0.9767    0.9761    0.9623   0.05393  0.003179         0
     99/99     3.25G   0.01219  0.002469         0   0.01466        19       640         1    0.9767    0.9761    0.9639   0.05088  0.003226         0
